75858
44160
83311
70813
30555
68910
67913
9447
35080
74687
49331
68366
51083
2787
40343
52386
90184
59052
64146
73150
19031
96136
84196
56767
93645
40508
64602
84673
37687
5797
8482
72608
67282
57276
32060
98335
74262
70284
84447
73878
98165
12638
43349
48558
73890
74026
41993
26918
95327
7789
57239
71105
42265
53801
83380
75302
23331
68030
12404
79540
35410
26840
82828
17488
93652
56159
86666
95427
69176
8768
89475
25357
7302
79617
98262
33778
27777
97504
35223
57277
1932
2437
19790
13701
98650
5882
67135
29685
35139
55408
99057
34840
44004
99153
66982
70866
13883
94901
98164
27612
